-0.622563
-0.673378
-0.59985
-0.58205
-0.566944
-0.657491
-0.683974
-0.639614
-0.612384
-0.506274
-0.64066
-0.724244
-0.401154
-0.342922
-0.395493
-0.302116
-0.447043
-0.398445
-0.320811
-0.454486
-0.415995
-0.411673
-0.447513
-0.423901
-0.509481
-0.494346
-0.397869
-0.380897
-0.472684
-0.460385
-0.294515
-0.469327
-0.347161
-0.506331
-0.490605
-0.422536
-0.435417
-0.292524
-0.396835
-0.50927
-0.414444
-0.528426
-0.419232
-0.489606
-0.450073
-0.381598
-0.399727
-0.456572
-0.431824
-0.385838
-0.388491
-0.394855
-0.503364
-0.443358
-0.39461
-0.363285
-0.444479
-0.489979
-0.369283
-0.454803
-0.36871
-0.48197
-0.342395
-0.514537
-0.431595
-0.500875
-0.361677
-0.411792
-0.458274
-0.330022
-0.421377
-0.477573
-0.406482
-0.421351
-0.427513
-0.32275
-0.524286
-0.330468
-0.48069
-0.461725
-0.428411
-0.398396
-0.467636
-0.439878
-0.565512
-0.377718
-0.459846
-0.497248
-0.438203
-0.322914
-0.487626
-0.421147
-0.375741
-0.37382
-0.515027
-0.40816
-0.482967
-0.309436
-0.431135
-0.428028
-0.426155
-0.350388
-0.536937
-0.442165
-0.466305
-0.386481
-0.362964
