196604
196727
196613
196669
196616
196670
197016
196528
196592
196568
196664
196576
196607
196793
196635
196617
196610
196602
196573
196505
196616
196600
196594
196525
196587
196609
196756
196738
196728
196701
196727
196768
196717
196687
196535
196488
196557
196612
196570
196599
196603
196567
196603
196572
196584
196592
196608
196664
196587
196524
196474
196623
196542
196601
196592
196609
196674
196668
196682
196634
196593
196597
196590
196654
196500
196509
196643
196753
196520
196678
196700
196762
196598
196598
196561
196518
196620
196584
196624
196569
196591
196535
196530
196643
196648
196707
196681
196562
196684
196697
196571
196545
196771
196708
196653
196698
196672
196614
196669
196673
196667
196541
196685
196705
196603
196686
196676
196477
196616
196657
196680
196745
196670
196726
196795
196694
196691
196704
196711
196728
196648
196687
196613
196704
196763
196656
196672
196667
196637
196738
196624
196723
196701
196509
196667
196634
196632
196605
196666
196603
196623
196573
196723
196617
196569
196522
196592
196805
196617
196491
196585
196434
196548
196581
196671
196717
196631
196534
196670
196636
196684
196656
196619
196637
196552
196608
196480
196458
196432
196520
196789
196659
196677
196585
196811
196717
196640
196553
196630
196782
196559
196687
196591
196533
196580
196742
196507
196665
196557
196623
196578
196707
196672
196597
196632
196630
196654
196667
196641
196564
196617
196620
196515
196574
196563
196469
196504
196589
196635
196581
196621
196611
196623
196695
196441
196625
196684
196513
196661
196543
196485
196630
196726
196737
196698
196767
196852
196794
196618
196526
196606
196598
196562
196670
196798
196743
196614
196777
196661
196731
196697
196700
196523
196618
196509
196714
196512
196580
196530
196500
196642
196644
196586
196710
196553
196517
196652
196632
196455
196610
196644
196541
196613
196659
196551
196522
196530
196580
196557
196593
196595
196670
196645
196606
196611
196679
196591
196534
196557
196485
196592
196658
196568
196600
196629
196580
196605
196592
196616
196566
196586
196657
196625
196625
196591
196598
196691
196651
196568
196633
196508
196592
196712
196687
196732
196702
196707
196649
196709
196705
196635
196730
196615
196733
196682
196661
196671
196580
196619
196612
196497
196620
196571
196583
196617
196701
196628
196661
196626
196530
196683
196600
196644
196669
196607
196594
196611
196409
196584
196573
196608
196614
196693
196584
196554
196631
196582
196695
196654
196695
196734
196653
196595
196649
196647
196680
196568
196583
196648
196559
196603
196541
196565
196588
196616
196657
196670
196538
196615
196598
196706
196561
196561
196633
196463
196555
196710
196557
196644
196579
196574
196532
196661
196506
196423
196454
196559
196576
196492
196437
196557
196482
196536
196505
196437
196381
196516
196560
196552
196539
196507
196620
196488
196655
196620
196548
196521
196437
196652
196751
196930
196509
196638
196628
196608
196587
196603
196697
196622
196631
196679
196679
196586
196545
196570
196604
196632
196604
196633
196624
196598
196536
196668
196343
196580
196522
196770
196810
196732
196646
196409
196520
196524
196600
196581
196574
196647
196531
196624
196622
196691
196652
196548
196687
196809
196734
196825
196553
196556
196568
196553
196543
196625
196601
196527
196455
196562
196560
196508
196626
196533
196625
196532
196548
196593
196607
196484
196706
196606
196555
196366
196568
196483
196499
196584
196640
196589
196659
196534
196618
196731
196656
196706
196593
196585
196573
196510
196632
196466
196560
196562
196520
196613
196634
196562
196494
196547
196496
196617
196622
196505
196545
196529
196437
196499
196607
196574
196360
196494
196378
196541
196622
196607
196569
196927
196652
196557
196553
196569
196462
196561
196578
196419
196551
196507
196509
196634
196536
196534
196476
196568
196565
196502
196538
196521
196493
196430
196510
196558
196563
196561
196557
196542
196482
196640
196507
196596
196505
196448
196633
196510
196470
196599
196386
196427
196614
196560
196677
196531
196500
196502
196399
196786
196510
196585
196640
196640
196624
196595
196620
196709
196593
196671
196520
196602
196534
196516
196430
196533
196507
196500
196567
196506
196602
196646
196557
196621
196565
196563
196573
196677
196535
196577
196415
196592
196624
196633
196708
196593
196686
196533
196585
196449
196582
196603
196556
196558
196460
196698
196601
196514
196593
196609
196532
196587
196511
196547
196562
196509
196436
196768
196600
196612
196666
196513
196559
196632
196477
196556
196562
196563
196505
196518
196506
196515
196646
196473
196422
196604
196589
196461
196602
196637
196729
196670
196605
196489
196545
196588
196614
196612
196662
196531
196416
196666
196436
196374
196442
196555
196422
196523
196483
196480
196472
196428
196507
196392
196567
196520
196433
196369
196585
196631
196473
196588
196561
196554
196505
196475
196550
196600
196516
196615
196531
196568
196535
196401
196521
196474
196629
196613
196407
196429
196599
196434
196482
196473
196589
196522
196640
196507
196529
196478
196538
196518
196525
196416
196520
196409
196416
196471
196499
196473
196626
196422
196431
196434
196460
196447
196347
196449
196444
196460
196451
196528
196519
196445
196504
196487
196421
196443
196527
196424
196402
196397
196403
196375
196404
196385
196389
196442
196399
196394
196398
196446
196385
196454
196437
196377
196457
196483
196413
196367
196391
196351
196456
196468
196501
196415
196495
196437
196392
196409
196361
196386
196442
196350
196427
196386
196388
196384
196386
196355
196381
196422
196398
196354
196315
196368
196374
196491
196452
196510
196348
196562
196605
196486
196456
196580
196623
196564
196524
196526
196497
196547
196599
196469
196532
196638
196513
196625
196625
196573
196689
196546
196629
196554
196613
196511
196519
196557
196534
196509
196582
196511
196515
196530
196590
196552
196513
196462
196488
196508
196597
196563
196615
196662
196534
196540
196504
196548
196546
196537
196523
196482
196533
196491
196545
196489
196519
196604
196744
196991
196693
196634
196659
196567
196567
196485
196520
196610
196514
196415
196632
196775
196596
196571
196405
196559
196575
196604
196574
196542
196616
196547
196677
196477
196528
196520
196518
196546
196502
196495
196494
196476
196563
196501
196474
196504
196538
196570
196629
196626
196686
196600
196551
196658
196631
196738
196569
196720
196630
196661
196530
196648
196737
196743
196497
196623
196629
196570
196618
196734
196566
196745
196664
196586
196651
196732
196734
196573
196544
196544
196696
196612
196518
196545
196535
196589
196547
196495
196560
196530
196511
196517
196482
196533
196629
196629
196660
196649
196633
196458
196653
196595
196632
196568
196627
196578
196557
196568
196585
196607
196548
196657
196589
196568
196597
196465
196550
196594
196648
196514
196548
196578
196718
196575
196575
196480
196505
196498
196463
196604
196557
196541
196598
196433
196598
196567
196528
196578
196558
196422
196600
196557
196506
196517
196575
196562
196532
196542
196714
196545
196601
196510
196485
196557
196537
196549
196534
196558
196600
196583
196555
196614
196578
196639
196497
196673
196561
196581
196508
196513
196612
196577
196544
196571
196606
196555
196580
196529
196552
196585
196552
196587
196517
196529
196580
196503
196726
196578
196586
196558
196511
196493
196544
196544
196496
196519
196533
196504
196541
196606
196521
196510
196533
196482
196518
196582
196506
196522
196639
196480
196578
196489
196582
196501
196433
196538
196454
196586
196559
196481
196460
196465
196478
196438
196544
196548
196490
196540
196521
196505
196487
196530
196500
196533
196487
196413
196571
196506
196497
196533
196489
196505
196439
196465
196571
196509
196381
196514
196442
196480
196505
196590
196470
196454
196622
196584
196573
196518
196468
196486
196486
196434
196561
196455
196601
196525
196670
196568
196635
196716
196860
196799
196816
196712
196688
196683
196808
196715
196567
196768
196763
196665
196734
196657
196863
196749
196690
196658
196671
196757
196716
196675
196705
196795
196714
196688
196783
196767
196970
196832
196786
196867
196953
196760
196628
196704
196646
197118
196688
196673
196748
196668
196821
196732
196777
196845
196708
196834
196816
196679
196835
196858
196914
196710
196809
196611
196682
196761
196785
196884
196648
196779
196905
196776
196861
196689
196653
196741
196699
196699
196715
196743
196826
196854
196716
196828
196857
196735
196738
196713
196848
196777
196943
196886
196928
196871
196861
196837
196764
196754
196843
196880
196831
196869
196847
196876
196772
196763
196717
196741
196644
196746
196698
196575
196768
196781
196684
196931
196821
196780
196724
196810
196848
196743
196780
196751
196773
196699
196848
196778
196789
196806
197015
196819
196677
196716
196717
196782
196745
196801
196718
196662
196731
196689
196761
196813
196802
196695
196666
196788
196765
196711
196601
196648
196541
196794
196910
196753
196753
196792
196819
196778
196822
196778
196745
196835
196739
196735
196741
196810
196753
196721
196760
196729
196729
196823
196784
196755
196801
196793
196828
196707
196722
196753
196747
196608
196780
196795
196767
196684
196794
196658
196758
196805
196646
196653
196615
196793
196762
196699
196772
196598
196715
196700
196808
196710
196604
196689
196736
196778
196916
196988
196847
196783
196909
196881
196862
196873
196779
196967
196757
196877
196853
196890
196836
196816
196834
196844
196713
196785
196695
196729
196712
196982
196811
196717
196693
196771
196938
196593
196872
196847
196896
196928
196886
196824
196839
196914
196880
196884
196856
196919
196670
196855
196915
196823
196808
196828
196832
197008
197083
197043
196928
196756
197075
196880
196988
196801
196888
196864
196729
196686
196984
197111
196910
196849
196859
196840
196867
196946
196884
196826
196859
196886
196808
196730
196776
196900
196916
196921
196949
196971
196998
196784
196906
196850
196729
196738
196718
196691
196941
196926
196938
196924
196914
196992
196858
196830
196820
196920
197039
196895
196968
196929
196822
196865
196839
196841
196792
196889
197129
196813
196926
196763
196826
196889
196942
196765
196832
196802
196718
196669
196879
196756
196791
196755
196756
196720
196786
196629
196749
196745
196823
196845
196900
196889
196858
196855
196794
196820
196855
196892
196686
196792
196757
196864
196785
196842
196845
196842
196818
196868
196861
196802
196795
196722
196819
196829
196839
196852
196812
196923
196757
196741
196841
196695
196774
196871
196897
196817
196794
196881
196885
196888
196889
196889
196721
197008
196920
196875
196885
196550
196483
196553
196478
196523
196430
196516
196415
196584
196597
196478
196484
196530
196497
196654
196572
196587
196605
196602
196656
196405
196640
196619
196670
196716
196500
196619
196466
196478
196551
196368
196554
196667
196527
196653
196693
196570
196580
196621
196647
196555
196455
196546
196506
196532
196538
196536
196525
196512
196448
196579
196591
196675
196662
196554
196604
196640
196529
196465
196652
196697
196651
196620
196496
196542
196541
196705
196412
196621
196541
196451
196542
196480
196536
196513
196602
196600
196527
196530
196507
196374
196393
196510
196473
196426
196474
196559
196532
196474
196506
196466
196476
196441
196479
196404
196383
196408
196468
196437
196462
196425
196400
196433
196401
196389
196394
196417
196471
196439
196405
196493
196441
196472
196659
196498
196433
196506
196472
196611
196470
196433
196451
196577
196492
196497
196470
196471
196555
196373
196412
196370
196381
196423
