-6.4368971559240899E18 0
-2.5574653175049902E18 1
7.4176053863996457E18 2
2.4662019130581012E18 3
-7.4183448789884867E18 4
2.4992773458020649E18 5
6.8846951407310684E18 6
-4.6500163518861814E18 7
6.0557649133666294E18 8
-3.5235186015881185E18 9
-3.8457395929967718E18 10
4.6833822559222282E18 11
7.4517107830245345E18 12
5.3967820193223194E17 13
-8.9024822563038269E18 14
5.664829978986625E18 15
-3.8788150257407355E18 16
1.07258844760080922E18 17
3.4530947081123026E18 18
3.5585504232744033E18 19
1.06538190759878784E18 20
-6.3286915601218893E17 21
-4.8054717723642962E18 22
6.1673583811514552E18 23
9.8951216511831488E17 24
1.83299726425756928E18 25
-4.0435141168578529E18 26
-3.7708831908572913E18 27
4.2570798012468163E18 28
-3.1797221663614189E17 29
3.4222707793685135E18 30
-5.3555047736805222E18 31
-1.7765855764738192E17 32
7.2962553625464187E18 33
-2.4510680105791688E18 34
-2.08793713755202048E18 35
8.3308439440534231E18 36
8.058213018052862E18 37
-4.5120196745412675E18 38
4.5441908011923645E18 39
-5.3909380750940242E18 40
1.98582700525458688E18 41
-8.4329540763508572E18 42
7.5897074603694479E18 43
1.71319607925402522E18 44
-6.5226754964462182E18 45
6.7462223612301926E18 46
-8.796084949378006E18 47
9.5123842374758246E17 48
-8.1996942905358049E18 49
-4.1194652031999852E18 50
-4.4751693915284301E18 51
7.3872176525900483E18 52
-6.1448668613878292E18 53
6.9999814453031434E18 54
2.8347838820391209E18 55
2.7985432195542702E18 56
