-5.5093268756605245E18 0
-6.7601512939619779E18 1
8.9994055330649364E18 2
-5.16608350554526E18 3
8.9994055330649364E18 4
8.9994055330649364E18 5
-5.5093268756605245E18 6
-5.5093268756605245E18 7
-5.2907334152560814E18 8
-5.2907334152560814E18 9
2.17688000015336525E18 10
8.9994055330649364E18 11
8.9994055330649364E18 12
-5.16608350554526E18 13
-5.2907334152560814E18 14
-5.16608350554526E18 15
-5.16608350554526E18 16
-5.2907334152560814E18 17
-5.5093268756605245E18 18
-2.3858412753405373E18 19
-2.3858412753405373E18 20
-5.5093268756605245E18 21
-5.2907334152560814E18 22
-6.7601512939619779E18 23
-5.5093268756605245E18 24
-3.6904345512831939E18 25
-6.7601512939619779E18 26
-5.2907334152560814E18 27
-5.5093268756605245E18 28
-5.5093268756605245E18 29
-5.16608350554526E18 30
-5.2907334152560814E18 31
-6.7601512939619779E18 32
-6.7601512939619779E18 33
-5.16608350554526E18 34
-5.5093268756605245E18 35
-5.5093268756605245E18 36
-6.7601512939619779E18 37
-5.5093268756605245E18 38
8.9994055330649364E18 39
-5.5093268756605245E18 40
-5.5093268756605245E18 41
-5.5093268756605245E18 42
2.5393274257644365E18 43
-5.5093268756605245E18 44
8.9994055330649364E18 45
2.17688000015336525E18 46
-3.6904345512831939E18 47
2.5393274257644365E18 48
-5.5093268756605245E18 49
-5.2907334152560814E18 50
-6.7601512939619779E18 51
-5.5093268756605245E18 52
-5.5093268756605245E18 53
8.9994055330649364E18 54
-5.5093268756605245E18 55
8.9994055330649364E18 56
